# t1 t2 t3
0.0000006000 0.0000008000 0.0000007000
0.0000004000 0.0000008000 0.0000006000
0.0000004000 0.0000009000 0.0000005000
0.0000005000 0.0000011000 0.0000006000
0.0000005000 0.0000014000 0.0000006000
0.0000006000 0.0000015000 0.0000007000
0.0000031000 0.0000019000 0.0000008000
0.0000007000 0.0000019000 0.0000007000
0.0000009000 0.0000025000 0.0000010000
0.0000031000 0.0000029000 0.0000008000
0.0000010000 0.0000031000 0.0000008000
0.0000058000 0.0000033000 0.0000009000
0.0000037000 0.0000044000 0.0000011000
0.0000015000 0.0000044000 0.0000010000
0.0000016000 0.0000051000 0.0000011000
0.0000018000 0.0000048000 0.0000010000
0.0000020000 0.0000062000 0.0000011000
0.0000021000 0.0000064000 0.0000011000
0.0000023000 0.0000100000 0.0000013000
0.0000026000 0.0000071000 0.0000012000
0.0000050000 0.0000117000 0.0000014000
0.0000030000 0.0000094000 0.0000013000
0.0000032000 0.0000110000 0.0000014000
0.0000035000 0.0000101000 0.0000012000
0.0000037000 0.0000129000 0.0000015000
0.0000039000 0.0000155000 0.0000014000
0.0000042000 0.0000144000 0.0000017000
0.0000046000 0.0000135000 0.0000014000
0.0000048000 0.0000168000 0.0000016000
0.0000056000 0.0000324000 0.0000016000
0.0000055000 0.0000192000 0.0000018000
0.0000057000 0.0000183000 0.0000015000
0.0000061000 0.0000271000 0.0000019000
0.0000065000 0.0000240000 0.0000016000
0.0000068000 0.0000289000 0.0000020000
0.0000071000 0.0000236000 0.0000019000
0.0000075000 0.0000298000 0.0000019000
0.0000079000 0.0000279000 0.0000019000
0.0000084000 0.0000315000 0.0000021000
0.0000088000 0.0000328000 0.0000018000
0.0000091000 0.0000348000 0.0000022000
0.0000097000 0.0000365000 0.0000025000
0.0000101000 0.0000423000 0.0000028000
0.0000106000 0.0000365000 0.0000023000
0.0000110000 0.0000431000 0.0000025000
0.0000113000 0.0000461000 0.0000023000
0.0000119000 0.0000474000 0.0000023000
0.0000123000 0.0000455000 0.0000020000
0.0000127000 0.0000551000 0.0000024000
0.0000133000 0.0000521000 0.0000023000
0.0000138000 0.0000595000 0.0000027000
0.0000143000 0.0000549000 0.0000023000
0.0000149000 0.0000773000 0.0000028000
0.0000155000 0.0000629000 0.0000023000
0.0000159000 0.0000836000 0.0000028000
0.0000165000 0.0000688000 0.0000021000
0.0000170000 0.0000744000 0.0000028000
0.0000177000 0.0000776000 0.0000026000
0.0000182000 0.0000803000 0.0000031000
0.0000189000 0.0000778000 0.0000023000
0.0000194000 0.0000901000 0.0000030000
0.0000200000 0.0000884000 0.0000026000
0.0000207000 0.0000966000 0.0000032000
0.0000213000 0.0000916000 0.0000026000
0.0000220000 0.0001042000 0.0000031000
0.0000227000 0.0001028000 0.0000027000
0.0000232000 0.0001225000 0.0000037000
0.0000241000 0.0001071000 0.0000030000
0.0000247000 0.0001210000 0.0000035000
0.0000254000 0.0001224000 0.0000031000
0.0000261000 0.0001272000 0.0000035000
0.0000269000 0.0001279000 0.0000029000
0.0000275000 0.0001386000 0.0000034000
0.0000283000 0.0001407000 0.0000031000
0.0000290000 0.0001460000 0.0000039000
0.0000298000 0.0001464000 0.0000030000
0.0000306000 0.0001586000 0.0000037000
0.0000313000 0.0001576000 0.0000034000
0.0000321000 0.0001697000 0.0000041000
0.0000330000 0.0001639000 0.0000030000
0.0000338000 0.0001810000 0.0000040000
0.0000346000 0.0001824000 0.0000034000
0.0000354000 0.0001889000 0.0000043000
0.0000362000 0.0001878000 0.0000057000
0.0000373000 0.0002438000 0.0000042000
0.0000382000 0.0002039000 0.0000037000
0.0000389000 0.0002506000 0.0000047000
0.0000398000 0.0002126000 0.0000035000
0.0000406000 0.0002293000 0.0000043000
0.0000558000 0.0002234000 0.0000036000
0.0000414000 0.0002371000 0.0000046000
0.0000423000 0.0002389000 0.0000036000
0.0000434000 0.0002563000 0.0000045000
0.0000443000 0.0002833000 0.0000042000
0.0000604000 0.0003156000 0.0000053000
0.0000462000 0.0002852000 0.0000039000
0.0000470000 0.0002918000 0.0000047000
0.0000481000 0.0003054000 0.0000040000
0.0000491000 0.0003117000 0.0000051000
0.0000500000 0.0003172000 0.0000040000
0.0000509000 0.0003321000 0.0000048000
0.0000521000 0.0003433000 0.0000045000
0.0000530000 0.0003536000 0.0000055000
0.0000541000 0.0003484000 0.0000042000
0.0000549000 0.0003718000 0.0000051000
0.0000562000 0.0004300000 0.0000078000
0.0000703000 0.0004071000 0.0000059000
0.0000582000 0.0004686000 0.0000048000
0.0000592000 0.0004130000 0.0000055000
0.0000604000 0.0004301000 0.0000049000
0.0000617000 0.0004383000 0.0000060000
0.0000625000 0.0004339000 0.0000047000
0.0000940000 0.0005280000 0.0000063000
0.0000648000 0.0004805000 0.0000050000
0.0000658000 0.0004822000 0.0000059000
0.0000672000 0.0004781000 0.0000047000
0.0000681000 0.0005084000 0.0000061000
0.0000694000 0.0005743000 0.0000055000
0.0000707000 0.0005309000 0.0000062000
0.0000717000 0.0005395000 0.0000050000
0.0000727000 0.0005589000 0.0000061000
0.0000741000 0.0005653000 0.0000054000
0.0000752000 0.0005971000 0.0000064000
0.0000765000 0.0005812000 0.0000053000
0.0000776000 0.0006137000 0.0000063000
0.0000789000 0.0006196000 0.0000056000
0.0000802000 0.0006464000 0.0000069000
0.0000813000 0.0006719000 0.0000053000
0.0000826000 0.0006699000 0.0000065000
0.0001575000 0.0006747000 0.0000057000
0.0000914000 0.0007055000 0.0000068000
0.0001624000 0.0006907000 0.0000058000
0.0000960000 0.0007344000 0.0000069000
0.0001651000 0.0007789000 0.0000061000
0.0001009000 0.0007655000 0.0000073000
0.0001724000 0.0009028000 0.0000071000
0.0001060000 0.0007987000 0.0000073000
0.0001770000 0.0012155000 0.0000077000
0.0001177000 0.0008274000 0.0000077000
0.0001828000 0.0008068000 0.0000064000
0.0001174000 0.0008552000 0.0000072000
0.0001856000 0.0008536000 0.0000065000
0.0001219000 0.0008841000 0.0000079000
0.0001898000 0.0009210000 0.0000065000
0.0002301000 0.0009272000 0.0000076000
0.0001280000 0.0009154000 0.0000061000
0.0001992000 0.0009679000 0.0000080000
0.0001335000 0.0009383000 0.0000064000
0.0002087000 0.0009930000 0.0000078000
0.0001397000 0.0010077000 0.0000066000
0.0002789000 0.0011288000 0.0000086000
0.0003525000 0.0010205000 0.0000068000
0.0001502000 0.0010912000 0.0000081000
0.0002914000 0.0010844000 0.0000070000
0.0001589000 0.0011560000 0.0000085000
0.0002504000 0.0010896000 0.0000069000
0.0002290000 0.0011301000 0.0000083000
0.0001739000 0.0011393000 0.0000072000
0.0002532000 0.0011775000 0.0000088000
0.0002325000 0.0011676000 0.0000072000
0.0001679000 0.0012169000 0.0000088000
0.0002754000 0.0012182000 0.0000078000
0.0003103000 0.0013962000 0.0000132000
0.0002762000 0.0013035000 0.0000106000
0.0002515000 0.0013027000 0.0000092000
0.0001872000 0.0014075000 0.0000086000
0.0002537000 0.0013418000 0.0000099000
0.0002551000 0.0013226000 0.0000079000
0.0002102000 0.0014217000 0.0000096000
0.0002662000 0.0014139000 0.0000083000
0.0002706000 0.0015330000 0.0000107000
0.0002153000 0.0018397000 0.0000113000
0.0002902000 0.0015875000 0.0000129000
0.0002921000 0.0016080000 0.0000127000
0.0002291000 0.0016503000 0.0000123000
0.0002946000 0.0016078000 0.0000100000
0.0003116000 0.0017196000 0.0000114000
0.0002385000 0.0016758000 0.0000095000
0.0003105000 0.0017436000 0.0000129000
0.0003207000 0.0017532000 0.0000107000
0.0002587000 0.0018034000 0.0000131000
0.0003230000 0.0018416000 0.0000116000
0.0003459000 0.0018465000 0.0000125000
0.0003369000 0.0018580000 0.0000109000
0.0002698000 0.0019619000 0.0000132000
0.0003463000 0.0019392000 0.0000121000
0.0003904000 0.0020455000 0.0000148000
0.0003581000 0.0019675000 0.0000122000
0.0002973000 0.0021037000 0.0000126000
0.0003909000 0.0020733000 0.0000106000
0.0004061000 0.0021467000 0.0000133000
0.0004067000 0.0021134000 0.0000103000
0.0003070000 0.0021581000 0.0000125000
0.0003692000 0.0021544000 0.0000110000
0.0003661000 0.0022475000 0.0000139000
0.0003717000 0.0021650000 0.0000106000
0.0003018000 0.0022883000 0.0000130000
0.0003985000 0.0023177000 0.0000116000
0.0003905000 0.0023430000 0.0000135000
0.0003758000 0.0023112000 0.0000107000
0.0003208000 0.0026186000 0.0000147000
0.0003919000 0.0022632000 0.0000106000
0.0003680000 0.0023067000 0.0000131000
0.0003714000 0.0022654000 0.0000103000
0.0003763000 0.0024194000 0.0000132000
0.0003150000 0.0023633000 0.0000111000
0.0004391000 0.0025994000 0.0000149000
0.0003935000 0.0024065000 0.0000109000
0.0003903000 0.0025174000 0.0000133000
0.0003938000 0.0025148000 0.0000113000
0.0003352000 0.0025789000 0.0000136000
0.0004003000 0.0028707000 0.0000119000
0.0004079000 0.0026525000 0.0000141000
0.0004115000 0.0026352000 0.0000118000
0.0004256000 0.0027638000 0.0000149000
0.0004337000 0.0027797000 0.0000116000
0.0003738000 0.0030664000 0.0000153000
0.0004766000 0.0029903000 0.0000127000
0.0004878000 0.0030955000 0.0000159000
0.0005096000 0.0030023000 0.0000232000
0.0004763000 0.0032630000 0.0000164000
0.0004757000 0.0031457000 0.0000134000
0.0004773000 0.0032769000 0.0000168000
0.0004826000 0.0032242000 0.0000132000
0.0004180000 0.0033411000 0.0000164000
0.0004892000 0.0033145000 0.0000137000
0.0005190000 0.0034774000 0.0000166000
0.0004704000 0.0031418000 0.0000131000
0.0004696000 0.0032792000 0.0000157000
0.0004744000 0.0032704000 0.0000147000
0.0005576000 0.0035288000 0.0000181000
0.0004901000 0.0033634000 0.0000144000
0.0005305000 0.0035156000 0.0000177000
0.0004457000 0.0036849000 0.0000153000
0.0005634000 0.0037616000 0.0000189000
0.0005815000 0.0037707000 0.0000164000
0.0005802000 0.0039196000 0.0000173000
0.0005203000 0.0037301000 0.0000145000
0.0005153000 0.0037001000 0.0000170000
0.0005138000 0.0037304000 0.0000284000
0.0005354000 0.0038319000 0.0000168000
0.0005212000 0.0038694000 0.0000148000
0.0005517000 0.0040528000 0.0000181000
0.0005571000 0.0041453000 0.0000161000
0.0005917000 0.0043680000 0.0000192000
0.0006088000 0.0043001000 0.0000169000
0.0006291000 0.0044537000 0.0000192000
0.0006102000 0.0044252000 0.0000154000
0.0005913000 0.0046141000 0.0000195000
0.0006089000 0.0041911000 0.0000151000
0.0005614000 0.0042659000 0.0000180000
0.0005802000 0.0043154000 0.0000149000
0.0007116000 0.0052731000 0.0000185000
0.0006306000 0.0043989000 0.0000159000
0.0006283000 0.0046437000 0.0000197000
0.0007061000 0.0046322000 0.0000151000
0.0005923000 0.0045757000 0.0000183000
0.0005923000 0.0047644000 0.0000165000
0.0006034000 0.0046526000 0.0000190000
0.0006006000 0.0046543000 0.0000157000
0.0006040000 0.0057915000 0.0000244000
0.0007238000 0.0052237000 0.0000184000
0.0006403000 0.0049916000 0.0000198000
0.0006372000 0.0050734000 0.0000164000
0.0006257000 0.0049824000 0.0000195000
0.0006298000 0.0049644000 0.0000164000
0.0006351000 0.0052841000 0.0000198000
0.0007807000 0.0052832000 0.0000169000
0.0006792000 0.0052797000 0.0000201000
0.0007145000 0.0054509000 0.0000184000
0.0007022000 0.0053437000 0.0000211000
0.0006653000 0.0053046000 0.0000168000
0.0007434000 0.0056761000 0.0000213000
0.0006820000 0.0057001000 0.0000185000
0.0007026000 0.0058664000 0.0000225000
0.0007140000 0.0058365000 0.0000186000
0.0007345000 0.0061603000 0.0000232000
0.0007424000 0.0060991000 0.0000196000
0.0007472000 0.0062750000 0.0000234000
0.0007648000 0.0061997000 0.0000191000
0.0007840000 0.0063805000 0.0000229000
0.0007736000 0.0063751000 0.0000196000
0.0008032000 0.0067286000 0.0000249000
0.0008546000 0.0064351000 0.0000192000
0.0008443000 0.0063889000 0.0000221000
0.0007480000 0.0061318000 0.0000182000
0.0007399000 0.0077484000 0.0000409000
0.0012900000 0.0064939000 0.0000182000
0.0007508000 0.0066434000 0.0000229000
0.0007571000 0.0064075000 0.0000187000
0.0007585000 0.0067295000 0.0000231000
0.0007639000 0.0064935000 0.0000182000
0.0007630000 0.0069516000 0.0000231000
0.0007770000 0.0066543000 0.0000192000
0.0007894000 0.0069031000 0.0000232000
0.0008054000 0.0069382000 0.0000200000
0.0008703000 0.0070194000 0.0000234000
0.0009137000 0.0077413000 0.0000213000
0.0008087000 0.0071180000 0.0000246000
0.0009257000 0.0070785000 0.0000207000
0.0008479000 0.0072235000 0.0000240000
0.0008799000 0.0074346000 0.0000212000
0.0008135000 0.0075992000 0.0000261000
0.0009282000 0.0073538000 0.0000222000
0.0008220000 0.0079008000 0.0000263000
0.0008404000 0.0074545000 0.0000199000
0.0008390000 0.0078108000 0.0000249000
0.0008598000 0.0082268000 0.0000226000
0.0008750000 0.0080411000 0.0000254000
0.0009154000 0.0078140000 0.0000215000
0.0008535000 0.0081463000 0.0000267000
0.0009107000 0.0083104000 0.0000213000
0.0010711000 0.0085584000 0.0000269000
0.0009098000 0.0086819000 0.0000236000
0.0009847000 0.0090523000 0.0000286000
0.0009493000 0.0088342000 0.0000234000
0.0009545000 0.0090596000 0.0000278000
0.0009602000 0.0091420000 0.0000255000
0.0009675000 0.0093081000 0.0000291000
0.0009753000 0.0092267000 0.0000235000
0.0009812000 0.0093843000 0.0000283000
0.0009838000 0.0095182000 0.0000244000
0.0010240000 0.0097596000 0.0000292000
0.0012269000 0.0089194000 0.0000222000
0.0009366000 0.0089726000 0.0000263000
0.0009444000 0.0091689000 0.0000229000
0.0009455000 0.0091955000 0.0000268000
0.0012665000 0.0092063000 0.0000233000
0.0009618000 0.0094691000 0.0000273000
0.0014824000 0.0094335000 0.0000237000
0.0010025000 0.0100733000 0.0000301000
0.0010659000 0.0100889000 0.0000249000
0.0010611000 0.0103477000 0.0000292000
0.0013371000 0.0097585000 0.0000242000
0.0009892000 0.0100326000 0.0000284000
0.0010012000 0.0097810000 0.0000224000
0.0010809000 0.0101318000 0.0000287000
0.0010132000 0.0103032000 0.0000242000
0.0011432000 0.0104191000 0.0000467000
0.0010266000 0.0103745000 0.0000316000
0.0010383000 0.0106918000 0.0000299000
0.0010363000 0.0107410000 0.0000245000
0.0012149000 0.0105940000 0.0000289000
0.0010910000 0.0107449000 0.0000254000
0.0010592000 0.0111998000 0.0000298000
0.0010624000 0.0107486000 0.0000238000
0.0010616000 0.0110050000 0.0000315000
0.0010731000 0.0109414000 0.0000255000
0.0010727000 0.0114498000 0.0000317000
0.0011345000 0.0117847000 0.0000256000
0.0010945000 0.0112760000 0.0000305000
0.0011652000 0.0120442000 0.0000263000
0.0011590000 0.0115978000 0.0000311000
0.0013597000 0.0114898000 0.0000253000
0.0011130000 0.0117257000 0.0000310000
0.0011203000 0.0119241000 0.0000250000
0.0011238000 0.0121414000 0.0000336000
0.0011412000 0.0121259000 0.0000281000
0.0011450000 0.0121982000 0.0000341000
0.0012030000 0.0120499000 0.0000338000
0.0014294000 0.0125161000 0.0000327000
0.0011625000 0.0123497000 0.0000272000
0.0011603000 0.0136131000 0.0000353000
0.0012283000 0.0131669000 0.0000295000
0.0012777000 0.0143416000 0.0000353000
0.0012425000 0.0136612000 0.0000299000
0.0012786000 0.0132391000 0.0000346000
0.0012051000 0.0128523000 0.0000258000
0.0013967000 0.0134337000 0.0000636000
0.0012716000 0.0131866000 0.0000276000
0.0012448000 0.0135583000 0.0000341000
0.0012275000 0.0134103000 0.0000292000
0.0012390000 0.0136308000 0.0000343000
0.0012902000 0.0137840000 0.0000308000
0.0013013000 0.0144865000 0.0000381000
0.0013430000 0.0164675000 0.0000500000
0.0015491000 0.0152843000 0.0000595000
0.0013757000 0.0150655000 0.0000324000
0.0013657000 0.0152207000 0.0000385000
0.0013692000 0.0152726000 0.0000325000
0.0013801000 0.0156151000 0.0000599000
0.0013919000 0.0156650000 0.0000380000
0.0013991000 0.0159318000 0.0000411000
0.0014214000 0.0160808000 0.0000321000
0.0014056000 0.0159919000 0.0000397000
0.0014691000 0.0160827000 0.0000332000
0.0014204000 0.0163328000 0.0000402000
0.0014334000 0.0164118000 0.0000352000
0.0014879000 0.0165554000 0.0000405000
0.0016689000 0.0167809000 0.0000451000
0.0014448000 0.0168336000 0.0000463000
0.0014663000 0.0167960000 0.0000336000
0.0014672000 0.0169628000 0.0000404000
0.0014741000 0.0170404000 0.0000345000
0.0014847000 0.0172806000 0.0000410000
0.0015587000 0.0170926000 0.0000344000
0.0017906000 0.0175431000 0.0000418000
0.0015077000 0.0165665000 0.0000327000
0.0014107000 0.0164888000 0.0000389000
0.0014223000 0.0163320000 0.0000307000
0.0014177000 0.0175608000 0.0000482000
0.0014824000 0.0169564000 0.0000322000
0.0014434000 0.0174190000 0.0000408000
0.0017577000 0.0177753000 0.0000327000
0.0015676000 0.0188289000 0.0000503000
0.0014636000 0.0172657000 0.0000335000
0.0014644000 0.0175368000 0.0000407000
0.0014764000 0.0180070000 0.0000348000
0.0015564000 0.0190239000 0.0000436000
0.0017066000 0.0191909000 0.0000384000
0.0016189000 0.0192574000 0.0000485000
0.0016145000 0.0188508000 0.0000326000
0.0015095000 0.0181264000 0.0000392000
0.0015160000 0.0181896000 0.0000328000
0.0016042000 0.0184626000 0.0000428000
0.0015411000 0.0185499000 0.0000322000
0.0017212000 0.0187196000 0.0000394000
0.0015422000 0.0190056000 0.0000357000
0.0016564000 0.0202503000 0.0000518000
0.0016903000 0.0196778000 0.0000355000
0.0015748000 0.0209563000 0.0000419000
0.0015754000 0.0197034000 0.0000365000
0.0017915000 0.0198420000 0.0000466000
0.0015953000 0.0232068000 0.0000348000
0.0016812000 0.0199981000 0.0000429000
0.0017340000 0.0197690000 0.0000527000
0.0016332000 0.0200305000 0.0000493000
0.0016294000 0.0201369000 0.0000372000
0.0017896000 0.0211070000 0.0000665000
0.0017165000 0.0217119000 0.0000399000
0.0017414000 0.0215072000 0.0000450000
0.0016539000 0.0205787000 0.0000361000
0.0016417000 0.0208462000 0.0000417000
0.0016611000 0.0215939000 0.0000374000
0.0018058000 0.0225886000 0.0000465000
0.0017983000 0.0221602000 0.0000378000
0.0016934000 0.0215419000 0.0000451000
0.0017869000 0.0220962000 0.0000389000
0.0017716000 0.0233036000 0.0000494000
0.0018645000 0.0233683000 0.0000411000
0.0018545000 0.0235787000 0.0000490000
0.0018629000 0.0237152000 0.0000448000
0.0018804000 0.0243001000 0.0000641000
0.0019470000 0.0222235000 0.0000359000
0.0017485000 0.0224472000 0.0000439000
0.0018033000 0.0237184000 0.0000473000
0.0018979000 0.0245872000 0.0000604000
0.0019519000 0.0249216000 0.0000389000
0.0019453000 0.0239713000 0.0000449000
0.0018970000 0.0237547000 0.0000416000
0.0019654000 0.0234296000 0.0000493000
0.0018047000 0.0237137000 0.0000415000
0.0019011000 0.0253275000 0.0000514000
0.0019942000 0.0256848000 0.0000439000
0.0021263000 0.0252161000 0.0000521000
0.0019202000 0.0237612000 0.0000366000
0.0018502000 0.0248236000 0.0000547000
0.0018543000 0.0243718000 0.0000381000
0.0018744000 0.0248858000 0.0000490000
0.0021454000 0.0255622000 0.0000434000
0.0019232000 0.0265427000 0.0000527000
0.0020248000 0.0256171000 0.0000397000
0.0020004000 0.0254984000 0.0000942000
0.0019302000 0.0253883000 0.0000380000
0.0020237000 0.0258810000 0.0000471000
0.0020119000 0.0261229000 0.0000432000
0.0019275000 0.0274047000 0.0000552000
0.0020833000 0.0275669000 0.0000583000
0.0019534000 0.0269337000 0.0000554000
0.0019539000 0.0280796000 0.0000787000
0.0021454000 0.0275201000 0.0000492000
0.0019726000 0.0266149000 0.0000445000
0.0020339000 0.0287147000 0.0000555000
0.0021284000 0.0274670000 0.0000411000
0.0020606000 0.0284222000 0.0000529000
0.0022003000 0.0276403000 0.0000478000
0.0020200000 0.0275072000 0.0000527000
0.0020155000 0.0277112000 0.0000427000
0.0020369000 0.0282057000 0.0000522000
0.0020281000 0.0279280000 0.0000472000
0.0020557000 0.0287459000 0.0000681000
0.0020645000 0.0288060000 0.0000560000
0.0020731000 0.0285353000 0.0000522000
0.0022154000 0.0293068000 0.0000452000
0.0022174000 0.0318494000 0.0000574000
0.0022102000 0.0290746000 0.0000470000
0.0021578000 0.0312517000 0.0000599000
0.0022700000 0.0303371000 0.0000416000
0.0022905000 0.0296929000 0.0000530000
0.0021179000 0.0294298000 0.0000433000
0.0021270000 0.0300482000 0.0000534000
0.0021388000 0.0296885000 0.0000447000
0.0021704000 0.0309221000 0.0000537000
0.0021821000 0.0307944000 0.0000455000
0.0021623000 0.0313524000 0.0000560000
0.0022841000 0.0318125000 0.0000493000
0.0021828000 0.0317753000 0.0000570000
0.0024697000 0.0318582000 0.0000563000
0.0022807000 0.0335384000 0.0000638000
0.0023764000 0.0336404000 0.0000703000
0.0023882000 0.0346809000 0.0000640000
0.0024005000 0.0344202000 0.0000579000
0.0024586000 0.0348256000 0.0000659000
0.0024129000 0.0333624000 0.0000488000
0.0023725000 0.0326353000 0.0000559000
0.0025183000 0.0328827000 0.0000525000
0.0024159000 0.0336717000 0.0000586000
0.0022793000 0.0332882000 0.0000479000
0.0024708000 0.0357588000 0.0000627000
0.0025519000 0.0338204000 0.0000564000
0.0023106000 0.0344949000 0.0000574000
0.0023224000 0.0345225000 0.0000487000
0.0023224000 0.0347018000 0.0000683000
0.0023888000 0.0346836000 0.0000553000
0.0026768000 0.0346493000 0.0000608000
0.0023538000 0.0346235000 0.0000531000
0.0024752000 0.0353028000 0.0001036000
0.0027929000 0.0352992000 0.0000543000
0.0023780000 0.0356703000 0.0000610000
0.0023919000 0.0348991000 0.0000565000
0.0024488000 0.0365316000 0.0000689000
0.0026746000 0.0367371000 0.0000501000
0.0025917000 0.0369228000 0.0000683000
0.0026026000 0.0359576000 0.0000492000
0.0024827000 0.0380227000 0.0000656000
0.0027407000 0.0376880000 0.0000578000
0.0026471000 0.0384478000 0.0000745000
0.0024552000 0.0374318000 0.0000569000
0.0025922000 0.0387440000 0.0000718000
0.0026684000 0.0405925000 0.0000576000
0.0026266000 0.0376539000 0.0000610000
0.0026379000 0.0377260000 0.0000503000
0.0025816000 0.0377121000 0.0000609000
0.0026849000 0.0378686000 0.0000540000
0.0025680000 0.0395626000 0.0000792000
0.0025370000 0.0386805000 0.0000593000
0.0026686000 0.0415978000 0.0001088000
0.0027616000 0.0418512000 0.0000644000
0.0028439000 0.0451417000 0.0000896000
0.0028385000 0.0425042000 0.0000746000
0.0027812000 0.0410706000 0.0000730000
0.0025918000 0.0395420000 0.0000572000
0.0029341000 0.0410853000 0.0000677000
0.0027636000 0.0420963000 0.0000595000
0.0026205000 0.0438748000 0.0000809000
0.0028157000 0.0450300000 0.0000651000
0.0028763000 0.0445763000 0.0000735000
0.0028685000 0.0444489000 0.0000643000
0.0028336000 0.0417293000 0.0000749000
0.0028624000 0.0428766000 0.0000788000
0.0028203000 0.0454006000 0.0000719000
0.0029308000 0.0417067000 0.0000607000
0.0028655000 0.0422760000 0.0000705000
0.0029785000 0.0423144000 0.0000564000
0.0027199000 0.0446408000 0.0000731000
0.0029347000 0.0461740000 0.0000588000
0.0030235000 0.0458654000 0.0000751000
0.0029483000 0.0434866000 0.0000795000
0.0027552000 0.0434755000 0.0000680000
0.0028504000 0.0435204000 0.0000606000
0.0029863000 0.0447907000 0.0000857000
0.0027842000 0.0445353000 0.0000554000
0.0028724000 0.0449263000 0.0000716000
0.0029723000 0.0459024000 0.0000788000
0.0031817000 0.0490207000 0.0000746000
0.0030932000 0.0453364000 0.0000625000
0.0030515000 0.0462572000 0.0000725000
0.0031483000 0.0459093000 0.0000788000
0.0028587000 0.0464575000 0.0000794000
0.0029834000 0.0495363000 0.0000796000
0.0030962000 0.0508466000 0.0000964000
0.0031680000 0.0476980000 0.0000589000
0.0028979000 0.0477029000 0.0000809000
0.0035241000 0.0509002000 0.0000909000
0.0031508000 0.0496658000 0.0000788000
0.0029254000 0.0501172000 0.0000663000
0.0033862000 0.0526013000 0.0000912000
0.0031724000 0.0486194000 0.0000956000
0.0030430000 0.0484907000 0.0000766000
0.0029636000 0.0491545000 0.0000645000
0.0029770000 0.0518858000 0.0000879000
0.0032165000 0.0533523000 0.0000754000
0.0032454000 0.0540457000 0.0000887000
0.0033407000 0.0513781000 0.0000649000
0.0031026000 0.0527434000 0.0000836000
0.0032722000 0.0550975000 0.0000790000
0.0036789000 0.0525565000 0.0000777000
0.0033426000 0.0528768000 0.0000936000
0.0032999000 0.0558143000 0.0000910000
0.0032790000 0.0531229000 0.0000743000
0.0030808000 0.0513852000 0.0000812000
0.0033102000 0.0534966000 0.0000640000
0.0034564000 0.0551194000 0.0000802000
0.0032194000 0.0524882000 0.0001065000
0.0034144000 0.0572369000 0.0000921000
0.0035060000 0.0569136000 0.0000841000
0.0034708000 0.0567413000 0.0000860000
0.0032118000 0.0546025000 0.0000998000
0.0032782000 0.0568720000 0.0000917000
0.0034280000 0.0539166000 0.0000648000
0.0032446000 0.0705671000 0.0002354000
0.0035893000 0.0737307000 0.0001187000
0.0046788000 0.0786127000 0.0002854000
0.0038359000 0.0686899000 0.0001944000
0.0037479000 0.0683936000 0.0003167000
0.0058187000 0.0675308000 0.0001772000
0.0037066000 0.0722162000 0.0001106000
0.0036625000 0.0624669000 0.0001049000
0.0037666000 0.0598296000 0.0001132000
0.0036768000 0.0586158000 0.0000984000
0.0033683000 0.0574086000 0.0000916000
0.0036234000 0.0568655000 0.0000787000
0.0033087000 0.0580811000 0.0001140000
0.0033244000 0.0692074000 0.0002684000
0.0046017000 0.0695150000 0.0002133000
0.0038284000 0.0658946000 0.0001955000
0.0037997000 0.0674150000 0.0002285000
0.0035854000 0.0645921000 0.0004403000
0.0040940000 0.0647390000 0.0001098000
0.0034164000 0.0644171000 0.0001822000
0.0033967000 0.0616900000 0.0001163000
0.0038010000 0.0613799000 0.0000713000
0.0034214000 0.0598136000 0.0000923000
0.0035140000 0.0616906000 0.0000760000
0.0039527000 0.0601826000 0.0000956000
0.0034514000 0.0603961000 0.0000762000
0.0034604000 0.0615511000 0.0000979000
0.0037738000 0.0669568000 0.0002376000
0.0037575000 0.0689851000 0.0001920000
0.0037507000 0.0811428000 0.0002051000
0.0040597000 0.0869781000 0.0002665000
0.0036217000 0.0691268000 0.0001356000
0.0040930000 0.0676929000 0.0001914000
0.0036498000 0.0701016000 0.0001488000
0.0037348000 0.0691505000 0.0001062000
0.0039131000 0.0661174000 0.0001084000
0.0037233000 0.0645046000 0.0000901000
0.0038931000 0.0658133000 0.0001029000
0.0039510000 0.0711371000 0.0001023000
0.0040438000 0.0693240000 0.0000832000
0.0040649000 0.0716284000 0.0001401000
0.0036367000 0.0684735000 0.0001138000
0.0037797000 0.0687796000 0.0001253000
0.0040588000 0.0688160000 0.0000818000
0.0038933000 0.0667339000 0.0001114000
0.0040857000 0.0668220000 0.0000777000
0.0036890000 0.0692846000 0.0001004000
0.0037099000 0.0689646000 0.0001080000
0.0037294000 0.0693060000 0.0001359000
0.0039954000 0.0680111000 0.0000940000
0.0039756000 0.0735260000 0.0001020000
0.0037671000 0.0700923000 0.0001070000
0.0042904000 0.0734797000 0.0001247000
0.0042227000 0.0742907000 0.0002516000
0.0037951000 0.0723277000 0.0001566000
0.0041262000 0.0762191000 0.0001194000
0.0042035000 0.0743265000 0.0001148000
0.0040997000 0.0868639000 0.0001108000
0.0051509000 0.0790846000 0.0001234000
0.0044628000 0.0749993000 0.0001031000
0.0038567000 0.0712082000 0.0001162000
0.0038564000 0.0797610000 0.0000977000
0.0045169000 0.0760745000 0.0001309000
0.0043623000 0.0771018000 0.0000865000
0.0041107000 0.0733255000 0.0001108000
0.0039759000 0.0764498000 0.0001013000
0.0039238000 0.0767707000 0.0001242000
0.0042983000 0.0738360000 0.0000906000
0.0039505000 0.0766253000 0.0001522000
0.0044474000 0.0754256000 0.0001663000
0.0043844000 0.0779735000 0.0001394000
0.0044497000 0.0771126000 0.0001066000
0.0039817000 0.0797583000 0.0001455000
0.0043600000 0.0786209000 0.0000953000
0.0044556000 0.0774594000 0.0001282000
0.0043847000 0.0766312000 0.0002745000
0.0040654000 0.0776606000 0.0001406000
0.0040511000 0.0793220000 0.0001183000
0.0040624000 0.0792269000 0.0001241000
0.0045588000 0.0769795000 0.0001128000
0.0045441000 0.0860474000 0.0001389000
0.0044489000 0.0855356000 0.0001206000
0.0046226000 0.0862593000 0.0001280000
0.0047587000 0.0825356000 0.0001192000
0.0045600000 0.0816332000 0.0002272000
0.0045022000 0.0846353000 0.0001033000
0.0044947000 0.0824297000 0.0001357000
0.0045719000 0.0812906000 0.0000891000
0.0045213000 0.0850695000 0.0001552000
0.0041895000 0.0819989000 0.0000991000
0.0042142000 0.0819232000 0.0001108000
0.0044235000 0.0865413000 0.0001358000
0.0045871000 0.0900226000 0.0001552000
0.0046692000 0.0872860000 0.0001362000
0.0046908000 0.0873933000 0.0002652000
0.0042720000 0.0834309000 0.0001060000
0.0042728000 0.0858114000 0.0001597000
0.0050618000 0.0912587000 0.0001103000
0.0047536000 0.0886699000 0.0001846000
0.0051416000 0.0855414000 0.0001058000
0.0048269000 0.0938043000 0.0001383000
0.0049126000 0.0886479000 0.0001173000
0.0043520000 0.0860219000 0.0001186000
0.0046477000 0.0857152000 0.0001467000
0.0043718000 0.0877984000 0.0001354000
0.0045243000 0.0870314000 0.0001223000
0.0043969000 0.0872446000 0.0001565000
0.0045783000 0.0879709000 0.0001184000
0.0047021000 0.0889619000 0.0001682000
0.0044347000 0.0909401000 0.0001170000
0.0049866000 0.0910504000 0.0001639000
0.0049815000 0.0940154000 0.0001335000
0.0053130000 0.0996855000 0.0001868000
0.0049857000 0.0980431000 0.0001190000
0.0052492000 0.0993275000 0.0002347000
0.0049506000 0.0970819000 0.0001678000
0.0049642000 0.1036997000 0.0001762000
0.0050268000 0.0947622000 0.0001487000
0.0050907000 0.1014898000 0.0001352000
0.0050098000 0.0934014000 0.0001189000
0.0052576000 0.0939667000 0.0001249000
0.0046794000 0.0925438000 0.0001209000
0.0049473000 0.1000347000 0.0001898000
0.0051165000 0.1000538000 0.0001165000
0.0049622000 0.1145959000 0.0001900000
0.0048389000 0.0962761000 0.0001209000
0.0046600000 0.0958248000 0.0001671000
0.0052971000 0.0977489000 0.0001108000
0.0051262000 0.0994839000 0.0001457000
0.0050321000 0.0992418000 0.0001918000
0.0051637000 0.1159779000 0.0001828000
0.0052452000 0.1066455000 0.0001805000
0.0054716000 0.1061425000 0.0002256000
0.0047447000 0.0971505000 0.0001215000
0.0050395000 0.1033380000 0.0001872000
0.0052978000 0.1069689000 0.0002111000
0.0054341000 0.1069846000 0.0001820000
0.0052855000 0.1065483000 0.0001984000
0.0052930000 0.1064619000 0.0001662000
0.0053786000 0.1073128000 0.0001459000
0.0053839000 0.1077169000 0.0001632000
0.0053788000 0.1083368000 0.0001293000
0.0050051000 0.1066904000 0.0002226000
0.0048815000 0.1043033000 0.0001466000
0.0051373000 0.1014087000 0.0001709000
0.0048937000 0.1030220000 0.0001822000
0.0050169000 0.1021201000 0.0001580000
0.0050028000 0.1111875000 0.0001824000
0.0049314000 0.1137308000 0.0001853000
0.0054935000 0.1103488000 0.0001641000
0.0055044000 0.1111520000 0.0001600000
0.0051429000 0.1119504000 0.0001651000
0.0054632000 0.1175237000 0.0001949000
0.0055353000 0.1118774000 0.0001590000
0.0055088000 0.1116443000 0.0001776000
0.0050273000 0.1089113000 0.0001357000
0.0056396000 0.1179919000 0.0002638000
0.0055548000 0.1203532000 0.0001468000
0.0055849000 0.1193273000 0.0001947000
0.0057878000 0.1173450000 0.0001477000
0.0051059000 0.1144265000 0.0002351000
0.0051121000 0.1087597000 0.0001594000
0.0054125000 0.1091548000 0.0001725000
0.0053325000 0.1176300000 0.0001297000
0.0055758000 0.1109923000 0.0001958000
0.0054202000 0.1152634000 0.0001406000
0.0054810000 0.1178565000 0.0001949000
0.0057673000 0.1280955000 0.0001548000
0.0055204000 0.1149673000 0.0001927000
0.0057213000 0.1186059000 0.0001428000
0.0058062000 0.1264408000 0.0002035000
0.0057930000 0.1189734000 0.0001297000
0.0058749000 0.1210257000 0.0001904000
0.0052791000 0.1163149000 0.0001569000
0.0059757000 0.1200423000 0.0005336000
0.0053341000 0.1270816000 0.0002048000
0.0053620000 0.1173368000 0.0002109000
0.0054985000 0.1196583000 0.0001665000
0.0053432000 0.1211812000 0.0002245000
0.0059812000 0.1271799000 0.0001769000
0.0054279000 0.1281895000 0.0002143000
0.0059312000 0.1259495000 0.0001836000
0.0057376000 0.1195860000 0.0001858000
0.0055137000 0.1251034000 0.0001772000
0.0059459000 0.1292635000 0.0001968000
0.0055956000 0.1244132000 0.0001988000
0.0060963000 0.1283140000 0.0002336000
0.0058484000 0.1208916000 0.0001774000
0.0055396000 0.1252492000 0.0002278000
0.0063638000 0.1235899000 0.0001821000
0.0061721000 0.1306212000 0.0002264000
0.0062973000 0.1373509000 0.0001932000
0.0060894000 0.1278915000 0.0002498000
0.0055384000 0.1317269000 0.0001693000
0.0057813000 0.1348534000 0.0001856000
0.0059763000 0.1262362000 0.0001683000
0.0057730000 0.1338264000 0.0002134000
0.0065096000 0.1448740000 0.0004124000
0.0073256000 0.1347974000 0.0001936000
0.0057753000 0.1344529000 0.0002664000
0.0060815000 0.1399333000 0.0002295000
0.0062464000 0.1463777000 0.0001878000
0.0063292000 0.1438989000 0.0002188000
0.0059117000 0.1349683000 0.0001735000
0.0057656000 0.1364521000 0.0002679000
0.0066251000 0.1436889000 0.0002140000
0.0061135000 0.1343749000 0.0002786000
0.0062797000 0.1383760000 0.0001774000
0.0065009000 0.1425192000 0.0002242000
0.0069009000 0.1399620000 0.0001836000
0.0061259000 0.1326513000 0.0002730000
0.0058090000 0.1380292000 0.0002263000
0.0063513000 0.1442818000 0.0002178000
0.0063777000 0.1479961000 0.0001894000
0.0065704000 0.1444504000 0.0002116000
0.0058856000 0.1385289000 0.0002332000
0.0062097000 0.1404822000 0.0007048000
0.0058948000 0.1463469000 0.0001929000
0.0059047000 0.1456894000 0.0002197000
0.0059448000 0.1430015000 0.0001987000
0.0059283000 0.1569147000 0.0002390000
0.0066070000 0.1514830000 0.0002529000
0.0064061000 0.1527623000 0.0002240000
0.0066498000 0.1531763000 0.0001938000
0.0066892000 0.1483948000 0.0002366000
0.0064095000 0.1494440000 0.0001961000
0.0061471000 0.1504084000 0.0002430000
0.0067438000 0.1530622000 0.0002054000
0.0067186000 0.1567676000 0.0002448000
0.0070380000 0.1460079000 0.0002023000
0.0062384000 0.1530316000 0.0002492000
0.0069591000 0.1599576000 0.0002208000
0.0069654000 0.1574489000 0.0002511000
0.0066099000 0.1628087000 0.0002077000
0.0068865000 0.1554355000 0.0002533000
0.0067759000 0.1523521000 0.0002913000
0.0061837000 0.1537935000 0.0002716000
0.0068942000 0.1574720000 0.0001950000
0.0067812000 0.1543634000 0.0002394000
0.0066270000 0.1518435000 0.0002448000
0.0062160000 0.1612202000 0.0002585000
0.0066914000 0.1588620000 0.0002285000
0.0070514000 0.1622762000 0.0002753000
0.0064649000 0.1672599000 0.0002081000
0.0072658000 0.1635801000 0.0002658000
0.0065173000 0.1587011000 0.0002143000
0.0063278000 0.1635674000 0.0002385000
0.0068416000 0.1667170000 0.0002467000
0.0071921000 0.1671792000 0.0002972000
0.0063939000 0.1610978000 0.0002146000
0.0064642000 0.1629175000 0.0002572000
0.0075514000 0.1580312000 0.0001981000
0.0069777000 0.1613413000 0.0002640000
0.0071492000 0.1709503000 0.0002099000
0.0069685000 0.1653152000 0.0002681000
0.0067230000 0.1679227000 0.0002129000
0.0072533000 0.1719979000 0.0002511000
0.0073326000 0.1681702000 0.0002704000
0.0074373000 0.1792828000 0.0002893000
0.0065742000 0.1697973000 0.0002779000
0.0078497000 0.1806798000 0.0003212000
0.0073637000 0.1799060000 0.0002409000
0.0069975000 0.1675216000 0.0002563000
0.0067147000 0.1657109000 0.0002744000
0.0066860000 0.1763351000 0.0002724000
0.0077283000 0.1749516000 0.0002483000
0.0067353000 0.1860650000 0.0005358000
0.0074573000 0.1802739000 0.0002372000
0.0078020000 0.1678686000 0.0002701000
0.0072967000 0.1848752000 0.0002539000
0.0073542000 0.1771813000 0.0002643000
0.0071374000 0.1769375000 0.0002305000
0.0067060000 0.1847673000 0.0003263000
0.0078627000 0.1787421000 0.0002282000
0.0069759000 0.1782246000 0.0003572000
0.0068177000 0.1800632000 0.0002323000
0.0079531000 0.1891834000 0.0002813000
0.0075372000 0.1859307000 0.0002607000
0.0072766000 0.1956478000 0.0002760000
0.0076077000 0.1782531000 0.0002572000
0.0076634000 0.1904831000 0.0002902000
0.0071749000 0.1888055000 0.0002496000
0.0068531000 0.1885757000 0.0002949000
0.0081548000 0.1923644000 0.0003082000
0.0078572000 0.1923192000 0.0002945000
0.0076955000 0.1855636000 0.0002401000
0.0075319000 0.1965936000 0.0003161000
0.0073107000 0.1899216000 0.0002521000
0.0079459000 0.2034785000 0.0002732000
0.0071768000 0.1942229000 0.0002663000
0.0079075000 0.2029457000 0.0003185000
0.0083540000 0.1917493000 0.0002497000
0.0079262000 0.1990598000 0.0002732000
0.0075098000 0.1891860000 0.0002493000
0.0070563000 0.1935058000 0.0003570000
0.0077538000 0.2071406000 0.0002652000
0.0082300000 0.2095649000 0.0003140000
0.0079758000 0.2065305000 0.0003305000
0.0083536000 0.1946856000 0.0002907000
0.0073774000 0.2015901000 0.0002685000
0.0082440000 0.2017589000 0.0002737000
0.0075564000 0.2109018000 0.0003688000
0.0082393000 0.2347133000 0.0003596000
0.0079184000 0.2138048000 0.0003584000
0.0078866000 0.2313222000 0.0003649000
0.0078758000 0.2222670000 0.0003639000
0.0082635000 0.2731112000 0.0003490000
0.0077054000 0.2163206000 0.0002889000
0.0074271000 0.2077785000 0.0003244000
0.0075395000 0.2331143000 0.0003294000
0.0076477000 0.2727802000 0.0004174000
0.0078382000 0.2468406000 0.0003406000
0.0081151000 0.2278215000 0.0003067000
0.0085133000 0.2283261000 0.0003753000
0.0080700000 0.2222634000 0.0008078000
0.0086310000 0.2295493000 0.0007589000
0.0086164000 0.3073923000 0.0004691000
0.0085395000 0.2712829000 0.0003948000
0.0074338000 0.2586239000 0.0003929000
0.0076532000 0.4158179000 0.0004991000
0.0088320000 0.2446156000 0.0003618000
0.0074673000 0.2262761000 0.0004200000
0.0088896000 0.2669766000 0.0003743000
0.0084245000 0.2481741000 0.0003330000
0.0089205000 0.3002930000 0.0004524000
0.0090233000 0.3493687000 0.0003341000
0.0085440000 0.2441453000 0.0003318000
0.0084205000 0.2422268000 0.0003080000
0.0088977000 0.2538991000 0.0004282000
0.0081439000 0.2585362000 0.0004359000
0.0092024000 0.2640346000 0.0003999000
0.0079448000 0.2805968000 0.0004138000
0.0089926000 0.2721982000 0.0005073000
0.0093516000 0.2590685000 0.0003739000
0.0093137000 0.2495599000 0.0006007000
0.0091529000 0.2730660000 0.0004587000
0.0088718000 0.3018776000 0.0006913000
0.0094818000 0.3117728000 0.0006056000
0.0083931000 0.3026822000 0.0003207000
0.0086137000 0.2330210000 0.0003178000
0.0092990000 0.2399538000 0.0003803000
0.0093391000 0.2379919000 0.0003129000
0.0086091000 0.2461326000 0.0005869000
0.0080990000 0.2557633000 0.0003262000
0.0092782000 0.2482855000 0.0003028000
0.0081406000 0.2377605000 0.0002937000
0.0090369000 0.2365125000 0.0003623000
0.0077445000 0.2329052000 0.0003121000
0.0083611000 0.2566834000 0.0006211000
0.0084517000 0.2648559000 0.0003662000
0.0088090000 0.2668192000 0.0004471000
0.0091306000 0.2760859000 0.0003989000
0.0085021000 0.2712492000 0.0004983000
0.0085604000 0.2967408000 0.0003586000
0.0092608000 0.2627653000 0.0004192000
0.0096579000 0.3532464000 0.0003947000
0.0102151000 0.3313404000 0.0005212000
0.0099450000 0.3339174000 0.0003889000
0.0093946000 0.2617540000 0.0003787000
0.0094526000 0.2487536000 0.0003332000
0.0083777000 0.2622079000 0.0003387000
0.0083135000 0.2616880000 0.0003846000
0.0084663000 0.2641528000 0.0003670000
0.0082858000 0.2483138000 0.0003025000
0.0084735000 0.2543736000 0.0005014000
0.0085210000 0.2452322000 0.0004154000
0.0086240000 0.2551823000 0.0004359000
0.0091756000 0.3021404000 0.0004033000
0.0084945000 0.3064833000 0.0005614000
0.0100166000 0.2931010000 0.0004054000
0.0097778000 0.2600060000 0.0005043000
0.0086476000 0.2700785000 0.0004284000
0.0096203000 0.2639042000 0.0003584000
0.0110835000 0.2611040000 0.0003790000
0.0085951000 0.2751238000 0.0004367000
0.0096327000 0.2709442000 0.0003079000
0.0099694000 0.2824947000 0.0003846000
0.0099162000 0.2745692000 0.0003453000
0.0098050000 0.2784638000 0.0004660000
0.0088995000 0.2696134000 0.0003260000
0.0091383000 0.2685410000 0.0003468000
0.0089537000 0.2657875000 0.0003224000
0.0100583000 0.2886246000 0.0003600000
0.0087874000 0.2779431000 0.0004261000
0.0100999000 0.3338162000 0.0005087000
0.0100180000 0.3059131000 0.0004371000
0.0104329000 0.3069416000 0.0004262000
0.0101450000 0.2918158000 0.0003491000
0.0087411000 0.2999108000 0.0004232000
0.0087383000 0.3309557000 0.0004132000
0.0100251000 0.3338173000 0.0005592000
0.0101087000 0.3084558000 0.0006105000
0.0092126000 0.3180871000 0.0004459000
0.0089809000 0.3196246000 0.0005040000
0.0095911000 0.3793756000 0.0005376000
0.0105608000 0.3322133000 0.0005841000
0.0096871000 0.4484984000 0.0008952000
0.0129742000 0.5218254000 0.0006278000
0.0106217000 0.4556205000 0.0006941000
